121366995961162
189217574680923
268502513318335
88511883138205
116468966184056
205559567921746
54879109346117
150997540916510
235968005902736
40329183146021
26445526878510
260611454330403
79165485406275
200461118133075
234753229596741
126600631836869
43479648438607
54171948867083
189002114842977
78232505361254
51241423390271
223068237134276
122602947725812
76160998881619
262550501979720
186904293618279
11578336967332
143038582476534
82041029870887
117833038624515
275563171877113
215558029227667
274275509313813
177956647378206
230671404846361
6216236525466
9696546176721
87122994781572
199624900736662
268906059365001
94494775022512
120979310924215
245668572517451
127011499847257
23854933138370
117618354355169
31649551856707
29633596843395
86617816864265
180548313136996
87826296530877
197442351703692
103640929895866
265456634094827
260996010132276
207439354927402
125791801225620
28462276778008
139689137250428
255323245088495
18525427852356
97994581240249
39391264168943
174676982724240
156151328419546
248118490025106
13408884315819
132686682810544
168166629466698
96036926691767
280200074819290
218456655699523
191694298584582
91917428166001
232760075822102
10242544727423
179224111982495
247906683307705
272872850279884
132536635879770
34630776894074
2735884225345
264842543456961
139569057445535
33238234012821
46504027259401
229168079919514
63179123789960
123965761883227
214594181249164
213094618344057
278307565694196
60932969687945
186157286399350
143870973891243
228036536687910
118053217266466
191199180146156
250837290308451
258955469527062
98705941101940
20954020391015
83755728089735
69849953892429
35658185234732
21511798039064
58148108302476
260767564987229
56829597481596
100491148227815
186275637965413
226035368149724
240371669835596
152922140164597
226789697810810
255968758797814
194153948400771
202152969769658
98622922673083
279409144028557
41827317892951
256919643673511
19244555819193
1300813097453
281158376889271
173649264431975
94603623544275
168135264839943
230949586507960
74950336104608
168913645208945
173028812600900
155017540620578
212628204734799
245406297058131
175034739738855
258437439986941
263162133729968
72914329342446
106747805236987
4129919571515
27027863782327
123650446763220
98922337639127
208145458175337
139895890534678
46915248149815
56072583217705
91970865386613
238344483820761
218205329119599
81782166176155
236134190457475
223654735849614
191376672516763
58300879700739
185127957640144
128035285388537
246276694099276
62644118133793
3140628968870
253249941083491
118649575516737
228335477654259
122644881218918
179886697528429
272485555724084
42917249109905
87205332459667
41375925296254
68768106065335
180678616301731
95079399308031
97968378246581
154506932642080
103224275843165
12084383836923
34573982788727
74722497744006
171064125472273
80264258942111
224224200034437
98114953364683
103577031211601
210724037680665
184402437666723
238223114543548
238080296238238
126755426136854
122667893868503
103941018304829
263160551601574
66884611392311
232558521478439
170958028178562
210131466960154
75479450067346
272944661742077
234415438483552
24896360663819
155662564107335
273047748902917
112572767866536
272005905940699
115839765292585
102586515081646
67151106878352
27182236916925
363160979565
187397752889645
98139471845429
109811475154887
225902769630322
231426755718935
91056361229093
132830467574416
37045761554835
210136641929357
229524189527291
47102907192166
175458911230733
224563950257390
19536700467468
279348343796997
209199262745077
82537879015203
113360086913571
193124260423155
83278929894712
1166396397946
203120070360398
190072875712086
251177613289397
182124071386890
279156602205117
167162770620012
137622661503837
110786975760301
215310235976104
222260653737864
245461413557865
105784317886603
191239154137427
223682783190945
39703396744608
49281931659310
263020384759317
240441344553080
67188117108395
90637277856815
234204648962934
118003679709507
119464874372214
226154777330537
63803968257375
179690699316208
222876299734953
157905564351434
19515876103249
244593042062581
213884511638059
277161062040482
246378372409013
47078477473715
163580735106230
120921121331089
70793456065590
221286439582559
232999331682171
192752463108096
104170730742832
196894560696462
254984619963609
142934464825639
138109383093550
18805545551161
154231478117661
29236415615909
126146517577327
215001320926313
90576765669980
176700180906668
43289294512012
242559062580318
29845714478419
195004561671606
27392151338270
36246647662421
175862911880799
244111438787280
239334399101820
156117455077850
259434855792509
47910189973359
156284260158601
228511324276640
243734122180709
159448295869151
124697868126864
222458290288124
187864235383976
137469689140019
86916869181998
22727367880671
98668922880999
86086758612436
12275046610515
131855685892455
77538264475161
240447015833753
29546340583755
127940647337731
176188482850528
256454418627178
6619639703258
206247570689566
258304661292775
204469536573825
259762652211821
199521326389606
138575311821920
133473918759465
278593649571408
275896110544279
5751954826369
226562225212960
68764528130
241353687457247
551835383068
88720553613431
227364228447370
239402581126859
74242857839172
15680400584720
234416857665000
47648010546380
127989552046845
7518852324007
165712617608083
67315366804547
159080080064520
191596749160549
44451201679871
47681886480422
114000223726512
121603223317517
196139295314496
81768898272813
29862138105780
38991512506293
268441981666227
176978060800403
181700722498359
173833315810570
210684599539134
113501735229288
88840171373000
38825103011375
132221505047702
156905027463535
66914775399029
258566012337949
169953409577506
61844681156244
242622008344562
178752996356006
54891345286373
64578353344740
132844966531527
256856560985076
105146126943481
177647040859430
190028269433244
234959428035238
240156360987936
46208081094644
254999970261129
121561811376505
118931314795482
221387010526578
260814874034556
53942607861887
126372081469591
39297765732491
94736501754541
158063206814440
103762407581937
20975404820162
14692726462244
119127769112921
58683340007162
45642863766418
230455101996875
176891998831064
19873187261590
42729483066207
201531407572372
133938913317184
177211060971753
142687954024953
182697428766765
62526046885199
182010405734870
252642767989926
238911988988870
157939177682488
125491648579205
193583425256651
107145790228067
45293771292883
126754320815880
129914685593878
177820327779137
37623266239052
181644729055998
137809680766272
229295004297934
153077571777141
29577934778202
69173990384991
135093616207273
255565751510938
132285806705958
257594871063495
926648976568
195168876649961
131778805181285
250503299862390
21629627433805
233167820805226
113438782687229
68860343093786
68000434265947
53965874704780
183956325262262
80171863349662
97465387179449
31894477323320
51782232871749
279782170617933
23078548980600
247160478212477
8716131201127
162364755887233
130401366940998
61177317257159
227379629086736
262279499784417
91747103144419
231576718679208
57938357234598
45555097080120
239157304109992
236509026057775
140996426256463
21562196775630
8720470428181
103323877004246
11787094109772
193146124255583
53126515405183
266798973238001
213727896875878
197573690679447
138027857739706
25285838485696
184782953435497
11326647325989
114024154241000
209922992977154
89148735356085
91736567212634
70950427468100
231902268750877
116032137965014
104473205935451
189069892486925
191624718466781
48170213892657
200540369211871
35358642993527
181755938541491
258932964137924
21525957799043
117383384951475
133173323098260
155626030424044
251069991761832
44505359814910
252279175717987
11799181538635
223331366908387
87951949031627
21070554694625
266657977871274
34790973733889
182693072941046
42450610334015
251977118667773
119297071800211
79777193519620
196582061809713
27620762927469
262186721591825
42109612187520
69663733731992
237247525949044
29223959737740
144254217853528
221399928148154
279906853378057
24371281979881
129993636505940
74658733952523
139988610269409
66563086759354
117976286060701
17046672565381
246160237193907
171075214971541
178493103593036
148841488518804
202527959154847
129961063784459
193186831525397
132408174472582
62194432782479
214818578603816
273642031181815
178281136244125
176208850823615
189484898973568
64344905356545
62952392506787
218238573847105
20080839307476
6354714213927
113441746903568
162292092097693
6583262902844
65917186544938
219165439828938
148086928603774
85108683548657
164322929937029
259771389990500
53211321030764
251520357084308
33079706603384
238062638740223
200289735356827
134903799620629
200792448883994
146683372458925
90907400556742
264049854467359
159117880290687
106132020181612
231677769482269
243061558741021
198040379588841
220020069452463
26611597251647
14148027702726
138729184909327
162956691852403
167912670847049
277966291727681
32655706979443
152466919845099
243206469008882
104578830409429
23207623276740
257172547418553
5484405590454
171404470045478
208762328881746
246846361053619
69521780417811
84589232918795
213648116512662
22758463509309
91850277713368
211379208826088
178866839086274
33527608128307
29676232139903
133580039321766
55578698825066
12974105536864
2677797445016
192540972218158
28082629452085
239945083878024
155155579523913
224757700219515
90536592995233
1980448378622
228240384047834
262052059107387
191362494454750
256608108523725
268260483042127
114457229680894
88842150036393
119870455878005
200727755408406
72202815641081
52532379310919
104456473658923
257902376740549
197912064206165
166505351026314
5278831855035
269824462321123
190333879577103
184848073763807
162507155565801
87059550207176
91223106052458
236344605414522
204314492303982
9290560636552
132149084597742
113326995608198
25839971046525
69675227424494
46788122940665
272785353090923
214868637630943
189248714305675
43216673604064
273826278382114
214553141079962
26012297133523
105904079274399
48848173037467
164824788331560
244922585770822
137457768875546
46971849346095
187308487699778
126880631675823
98025277401068
244260682690085
253826580711991
242359851217520
143344196722379
8577611919945
38215724089557
55600254802143
205150890575987
205558735221903
187394877386466
38179223846066
132156452596012
246145437733830
211280905164834
122698618981754
114446019585495
193258672304989
26089248631028
121604117054003
254473668905105
66174773131578
97820603869302
149695729292509
149972520222689
256864001135517
175941168728128
205786387562284
159952448200057
262217809686034
487262150315
29663192171841
139457980618632
234657957985914
277218025447852
79712548006519
137858412480666
911774546205
14333303909946
1877446801731
265642252922376
37176783330509
34876370961480
161046435544349
264213047634936
210406996337951
21655751984972
101874631674236
216702771267055
203329955911594
68835035578457
94064978686438
121747174942447
203616528578912
256380239207365
148034645348107
33236905483307
220189396654064
227660713895784
156811337564142
208717138844230
205748825898812
178522045012570
32769650189095
109670364149280
209382495766236
146389955005271
134993891417901
247106283333950
230410089202100
162251249399453
279722998587058
62144049484466
79195172359318
95664698932333
166200626924303
35087927210914
80511512561404
91092555522062
77710421662147
142811403596375
89506637206468
133258998712937
177850512260349
278592812194521
193563146066190
198268625815597
90786862444090
110972038846247
9343385633559
106639608580237
164067068505074
69391780167410
231921272340790
227042076074117
209581527004497
78959902376686
239297204209372
214038383085491
195339796467721
258712394596535
207363383478695
268861533215170
115159740516138
225506503488569
123559555351948
161494350534237
124797108397326
76624066986684
207105739257862
208474593764286
119881294232924
243024279350888
207001995306846
8697186617281
161894219473676
232953876948080
105532415695358
276206912876688
46860285522314
170293597286844
256965901342932
163837344738522
20119761896414
98530362853165
125838242689996
218190310174878
66432791329773
116814222916969
110769640243020
266874490934654
50372398267841
242062311591236
881405333971
124629740623277
141829229901032
266447152207270
240643616605586
18880284889700
107165121023201
178721601263380
98902532209449
160762615140590
20171923142294
25673037625531
62508652876906
45494395811389
115760473745386
53796282811412
9324825688363
280244024087059
88759358068824
280064478570771
189710125077802
190864005075646
75264168020121
82313301391334
241301936920070
221086005857115
236893851055465
13705753978698
177781800480832
94094802302387
51822322181963
270101562347879
244395818555984
81035699891362
145954450007661
253427964146753
217438420455112
21951487734030
181713608392334
131547673408188
104900378152334
21059310741620
128072121598719
125239804793128
7387511904538
32438223100153
111503532246702
92933021449062
257586016484046
276685311077915
4475458331714
231248721673875
158194051316314
256658370050530
119316934604873
90881886735696
84695565461808
25848417824687
228946377598067
121145384353417
228356075329801
48115925100430
270221633818078
129082744933087
164245422154361
207270679404069
200985462807669
257360223211922
125975125254291
238140333683240
140050242403674
3731168973571
15835652059296
139818654427491
232621638787941
46198989551559
110725130106849
41150705249107
219249147151021
141699852617797
76242804792163
57229504480332
145237100467240
94352115086310
234033408002024
148971200586805
220549461169492
194639555480281
10375338830804
265091164806863
112670253172729
227961183781982
50783368051257
197943138315404
212338982711279
171783390591661
110744544701416
12049021626876
93689725900543
66879218838624
34154604001683
176621235525310
52222806329550
147831240800890
183456595698440
24457513555473
124223114614999
144312454393072
163694263217264
141341717656037
225720574057342
267693421702098
99964987776164
256069421733257
20313739405350
219440546301427
205457465589140
222077090369761
169331727884129
184998519647538
84910481432508
165443410663215
238812653739818
122162862045250
281334767883428
54332172747626
232940642848054
188308494311697
156298082399352
128056827973418
178439266522186
33826968520118
15665554119596
190142024047388
267845695676589
71178574440689
114274723784370
27072650406928
150996017373859
206078899547964
234825469524665
121512506026380
203795308793847
260605446923373
114873448332681
95915664040184
260744680219036
115725656815331
143528585960290
262070899851092
36680935969877
130716601038155
100269833994994
77497228352387
116157627296372
157178308287212
141519240308314
247589242596386
116408880588967
248304714087819
88818372165186
63460255797235
241455078856659
228845367025114
138960352658688
64394345595855
15301634687744
125787246124152
160584706374343
218571996195894
106101965602647
20468004421763
114741910626544
53014923629669
222217898844207
191866702165174
193250057043791
212617281775100
93791880428840
134914060583966
117391231689108
60830933413945
174262724507223
100821284398420
126868635752128
71740851169728
96004862651014
120457434982997
268167495119022
5339623598323
216953561481082
139128189685980
260540791081122
168920143407579
73623540342105
158824310141781
193503587432432
154879844044194
207683559125771
101010931193696
113129173327537
104997460875159
57838515810753
220039367729372
152893090307719
6378416664780
71848382729595
130999844231822
122862196728175
114195731817530
152137442508455
63850705039947
198671112900523
249420005991293
87401244656846
167926520068798
232099004390065
218948103815193
248431057362508
83412638869941
168093671764787
239914551752023
42446645482021
213556090591491
177355599254065
233525178408616
24642794088921
176429516507375
249398732829215
248938126653858
70640745197398
65739811821368
38876275003931
39273067523207
76987114797040
32467969674913
141560225002798
50211703357276
101253608871538
148888962340373
255812500906915
150079998369430
225435029890105
256986751024468
176685583705707
54021751199820
130510135344734
117941322692153
208755857264271
28316161041156
80867741026039
114426092082821
190611719302586
180586644264203
224709516042590
260589297113153
193143509834953
47738705783900
166325529868435
69464430451377
95555919098992
134186699409435
240739237787814
90246745890514
11683123500784
90925375417497
233494027031089
90867004738154
148166107309274
255584550306035
102932977400810
33024295626922
101143677748710
110321047425588
102510912892219
220244213655393
119204170573269
110644285247506
90935409190384
25123904542901
123681482125924
130806071381812
227991432307699
5072265982332
127862419300439
177300019529739
272167929752859
70611093884439
94718334822021
243422385509693
6709935311877
191143506095075
83005635706628
165848644171929
221244605565954
248374362106684
97981948471896
50499671627172
35750728139028
183105806488590
244809272224700
130910093309100
144537540771322
137425808069104
8208959309938
66719486410873
134302301756236
24954415149017
99775113120811
203473145055868
39969945909160
238875869470819
49489967859579
33971104433821
195578503640048
105752270994323
49335290350426
19513715117204
255357353211027
275385019726147
236510994461119
46448368032207
178901905630188
47255246453260
1207426814526
128789254229225
85236380577200
42504574877385
90703510884287
267337447565753
116094653203302
98430539902374
218002477910598
28186784291300
15820931357687
249026351583428
49552281594561
86949297055752
111282644495689
20903895340390
186714151803889
125751203972725
48085395764973
266665089404594
55772223081565
91148780832629
54814984911323
206404848677379
23688839098199
58821402665762
245090676013371
100705707596744
124416921091089
90316284589781
188185503940424
271934117349366
203938024320703
96222639472919
183139113048631
108872052987911
59025482826959
251058744370991
264939323530038
189302897529995
141485087670827
16017377177911
69753991091576
157245435831625
12126052396429
243359126932423
102381631398738
281077646334447
168244821693416
226250005824555
182717017809510
180272170902355
212395693490645
89714831217198
156437451502306
93938475620419
123162551372576
83039495752817
27677222418890
181085267047653
110114466531158
165496959921748
107475167928405
92239252214696
195341950521964
138325247383663
22342498718812
238470094747847
71296525912434
71194357632921
268556101060305
244418836531540
82693156163932
165482894244737
94435505040467
214719800938718
250496142709201
42331377690840
178987227446980
28823401610397
117635602526994
15094407628041
237819223898617
47352647114294
27663378294510
100985248540541
9245163691893
121775077387531
135506010021575
163936182126461
240727886083383
22137492210202
264092261028776
58326494593169
5549358843028
139568246938731
48268211240548
40791901229694
237497290316069
214883991084569
199456992862163
80118512870091
198285374523079
52754929454298
114820738415117
266461168351199
158617737289374
209218492764707
268498708419783
117513793306529
128000171392062
182083764141527
102934391225265
123080342390971
280276780383691
222817065009036
136022454303984
194352948578136
247093094875457
78470901296981
132393031150494
92079059801219
104859502915255
258928363652903
95262009564768
122770514455568
236244517711296
203364481885383
114026084708876
160222509166095
53964473543642
112225210452558
232028671968603
65343667757018
126816462363364
245760962895413
23272888892079
105812943791788
53155488460208
212453945420536
138672103110889
257301097337030
21368947138461
246233446374471
194657308552009
58680972823854
99097712766276
211924384335556
40832422281832
160216216236528
94557373650740
34337169416280
184696518881080
214651343222015
258228178117568
116148424163853
234303269857818
145712186880916
22272483056346
73361299942277
180147391475204
1385343249455
104743713687808
493563248118
240394478074804
98327400728090
121630263099961
51118799125949
163272878199541
38007975937925
129917558577183
12739405355135
214215972781297
252576608263211
211684437042945
10583714257364
183228334703771
172866232079502
46480630204681
86458089272463
98928675846174
66319738660284
183842117706109
59949004504972
77685982784614
43505451591340
205680703804682
228309486154508
190682210547375
199096204710690
280957665414176
100299673694123
36640375206704
197408279006506
179795512554590
231425491285473
11438710882762
249695633200927
254883013164562
103043717196811
40402342020048
133026139200070
178099570139329
241989432941590
280156492423642
170466109006580
205198625526471
106943956579750
137519406368169
258334842134087
195654421352961
197750572927198
94578648522270
267651316786288
24851554558090
225059990408362
166435695731003
208949031529096
18574732526218
101029244394404
33784573444922
71456508055295
237772486000910
74457408762500
35642123403441
256906492514445
66052085574649
28955594077215
181131621079238
26310972625854
32756582109182
188299558496503
7131700530292
176349868433164
265360298951853
128323450271583
128396327462366
84966899589766
72482001363598
45899340607271
127770187247286
98167365921286
49465739986514
51888087892704
101495541183921
270660315704574
250338033341194
37856443418537
238969460297226
220075223515599
47816020782198
87898479786133
115844083863573
114558658798766
244343768955749
65655741739926
248077176526314
249513265870115
116961099083033
29046533241344
254327266164243
61206025566218
88694523327692
97230266528409
132540312776273
242905969268531
182551969743928
22727390193465
110748513340023
63750682074244
165858626393652
176133007476734
225597775183684
48551139014838
243527830808418
4050612151045
189278552620130
145023018172317
83779291495145
131592231104963
83579599778659
147007941700348
82754416153158
259123199495393
226423336607195
117487959217141
89634007791905
142897750520491
178910695650173
245143051582713
120015544532291
19120128525590
20944181900634
143255206660440
212000283929993
182304393300809
207806644447004
118723675980118
1165247914233
276462026371014
14167235252063
178077315600851
271666697088727
7693349813522
219232868202773
177885394143621
4163656119767
120522735462910
146315406160891
242143098707136
161778635248984
12798682073456
53968437481755
60126257964237
194463262782638
120033671026374
152062090930788
149980382059990
124725712813186
96180107604170
182195390077261
33599925544539
146642935257149
69447168251695
115570565135751
62726112723772
192263221983876
230017212035744
18883910482373
155256145845587
71152747616454
116276395478116
192120671516049
216888526831768
183139353193173
172381434450574
179743541746475
276669233322974
244610310106776
192988306544316
43850130725510
70403655336987
273508853376451
33800757972839
218253097183043
29004565656125
169547763258277
26152567445446
246911843727309
585931686295
140225287078405
277624886783036
46018184038267
247192861077973
267441541005326
252773050937180
43897866818755
169789546850187
98601292651595
31538282080373
203011982500736
144585491491653
181989869579701
175450492518581
150641449499206
249793202088245
250114579385293
177488412149209
175167549466057
131281134923885
191744030233803
10106695051629
231568958714445
263242644944546
204012867152089
265727500289185
85183964509484
124582613651848
81831934258786
44110693076640
17691381597551
22155656773563
205195917708649
195213785360009
121682618613097
112244196450101
270727828272124
72577195642351
157397515009144
254161206621784
1524289262253
218328569228258
263030784386493
153931717274760
123426728992285
240931195750808
243740372230394
67391451073617
259771821920413
93525455705754
278231546779505
95713164445471
198602063767254
204133386576772
219423713819355
47004522688906
26679157711241
214843252811350
7088118840171
135501259719467
281398975399259
246304182352724
98380531422179
4881863235591
108598023412908
198314855374458
200021896838075
264892628414597
226552730514574
165096464642677
248176073356369
104724062466040
253271721008311
16964409949501
272684986023985
255208274567098
246235943873428
105433432303918
259478508349031
20202899974863
3955492190562
272749919045051
278249967252197
239454861910304
52261116896351
1333287961519
76177424872186
53487624779847
93338682297601
233200704403454
51805957012176
133248135333859
274202851645509
141370074029604
276619417624838
16300310628991
201507737448461
79130428167189
67752882651730
206893272490514
207448204083337
36557290134977
100918453861432
74674135257856
80490606181304
61650810264865
20131419747276
236916717159606
58150211228912
117192847319255
266549243677830
178649540526803
113700955375485
223279388693348
243002359182632
70443138563293
105201471655758
35606208071904
154544617659060
72530656856206
190970702146991
110180532549458
11483987521902
187393812110762
133795045992472
78229427664783
61044652585200
128629661505384
275646131472137
187577369250213
76994061160785
14199453710184
280723162683892
40072700694243
70123860366680
230525399736387
116343039995198
141366033550180
139311882878657
170409155550104
191963445287495
67278186114100
55748833366929
50499501511873
97745588992394
14251323850748
246025483755643
221666948291073
146156905178567
95618665035078
242365184291668
173532877923154
110108195488321
198383693603915
235971386695831
86308383868606
208889947796489
129010225874773
83167639453436
129575127301957
117491200533342
30540216188080
18310176417817
34619756916309
236876542000405
244271821079849
224695450058266
82713209182421
147668161426455
43153861101599
134166096994691
124016369984957
157047693458672
25199731380004
259276217694724
268558302273598
25830596153192
279118578845997
73070596830049
200498132925048
245584384125233
250670555121489
129966228339811
146885927078088
202317262769061
4071529807903
232099124480222
182674036342939
8448202620047
82438588829047
133639433194948
90811450278107
78951312343820
242158586522880
242180876404814
58787202222051
145977083654002
157297681908518
73067809584937
265636336302603
247437129633618
121675814491051
79530000948675
168537717989569
20511863011968
60751270545608
104435937706393
59667204892462
249447531678005
244251658809821
77502991232924
76442790223216
192762329307187
9604158931123
168680778085804
61436011444068
256488696989706
159664958425672
73198996252436
264313492327933
165409853784160
6798406748469
109618027811
80968518884398
230737890846544
48388719811996
256046315385040
157988252451679
78341189217490
130897556260520
247642631225455
1114808747642
203029707030332
162325949803679
43944872423540
93581180407681
136692852708815
246188442491008
221766244165704
56095376189621
277051985258319
261085156964407
47823426130735
204039766425940
57603649794994
5226953891674
147182315249466
269973913645274
60693768125150
174174715822717
106656269188940
121517557755105
188185541280115
257603127852047
36727211813938
172255226155650
80883120574632
82828086250445
130562186535107
117911064748374
103485952865850
236710281384129
257400977889559
208862008606197
84678567248485
237751411692500
97299082894536
251972227215127
12503479487475
87816957656556
121695339589710
49264448594744
178115173444181
119480880586145
55366767861595
87091841706192
191773365746645
26186901283960
134781219633237
281150006785055
249887298838735
118736693962936
125986883260633
105602466061954
147317033319932
59269855798726
29488710843469
152397153952348
262499740532179
133821427906331
218125802068105
12591666061715
13010475896050
261890748113344
172347440038794
110150343663249
245453077666458
138293593590114
28306192884018
149094268797666
281009838743104
216986520648173
156045358438436
105758285355098
23477867139365
170317318152389
169563954484132
80693733348049
103897923989251
144002983825277
204374601859722
162434992833127
47546196884171
61451090771247
199857556904012
5205712233052
110307867047540
43841260864601
50521020255245
93046458076544
494615719631
272569353412942
24808271370436
193402666320675
156247192186495
277532707714870
60561421548914
60106863323553
193187373025002
212016160148897
189983265946979
138319496693372
169291336683087
144949327940515
110671545753732
17546662987777
165735518199005
201820007055754
179728004968650
252139086347651
145091811413985
144584444092697
141051152825505
267437826218533
89177787746306
72898229813340
114630105897336
172195683219501
150454780472463
1424432437514
168936702123084
61749574881778
211101586449371
5405952395631
185035617149271
164297027536722
41684112350375
72438516028660
277365377894331
127158299942587
276006864553891
249814133858090
89012896297550
8163372481986
27301378349557
219936114717806
58662785960041
133230073082447
110045289565403
4668499673368
155836021159377
112657856555859
102700491775061
102185456687419
20460947089318
103439790406927
163949698911200
225027234230775
226492591690350
114289189314800
54340132625733
2767575229527
174849108978725
132913275678967
119780561018228
247388841029829
206512820122210
280498544406189
20296823986033
280085366863624
46981632795278
101845357985458
5595591056466
41763581001684
77866874994469
109242011068369
207453194977608
235209629168366
70097404727565
244239784482475
210639066488766
212041637765081
169228611986170
10472919161580
49115791234439
84737146156821
190082038088162
22401576462616
59107318497557
24934415471096
38692477191042
181703442930402
176179245779915
116699569956354
137921007631858
92054426757650
77067750021977
223928055436762
157979669007178
48696829589503
162960947093028
124687493718212
1245798813014
53142342224027
14297930499271
218214815608505
224522199884890
232810228433413
216931803415967
255894474770180
214217528932842
140075120587958
254700892641124
47840228514675
6755099670472
18099611897147
54804501347035
163752786115351
157666718420192
95094571868278
127305705647245
103662605557398
187229744540742
165279746172799
22732819625368
133049682779659
129184959041102
11936435993863
155591368564103
7326092736628
111737901690288
101749647401813
259366705541444
242484077138104
212645820090556
52510845107401
89218663121424
7957813963568
39787535852192
166007246016761
128334184768911
74702468772560
281279457575866
171254500347223
32980200584427
146888143173072
22878838748670
205038573764971
188313680792569
127339261028081
277850439370602
108889887367579
156342761458809
254716478298700
180300853497483
135407685060226
225831904500834
123395390246066
217754444029713
241566712785884
142393400353598
229793520016029
137076640847734
229462998135036
97270145208473
139695217362611
187687424578476
168381876722386
21038378472314
41892160026322
155129048119529
261374827335819
9036657172976
40969954931890
58506425379960
125637106000049
176508351575218
17312193703447
4995361102749
78116894718186
240290088126663
45355611731859
55640915719050
136202712902972
217957434007366
261983040898256
83821082404964
161654996776937
12428449381919
155186070876534
194834600718680
9847968183253
109555593735932
116462461041309
22075680917950
218631987978366
27647411076137
167245756416711
278672412258127
193486453219978
161458456213908
111188324290422
79702031574631
25132590351318
212562223413975
228337010690890
181115848521054
76121624636713
194018637683030
8608843908530
22260508453351
272525025161572
279821196210795
270509369749037
125484261674634
244235276845903
101595334305697
199890674638106
254252709624355
33488430644208
17095611063558
20181893335834
128993905869436
229273843733877
125033339534718
20835626817788
120234675061739
141088127398570
123582413976634
115573450818628
